
strategic_region={
	id=117
	name="STRATEGICREGION_117"
	provinces={
		702 788 822 847 862 865 873 880 891 894 951 1019 1077 1132 1163 1485 1506 1547 3687 3693 3697 3802 3823 3824 3847 3850 3863 3880 3897 3917 3925 3957 3994 4168 4491 4653 6705 6823 6845 6846 6869 6872 6882 6885 6892 6899 6929 6943 6984 7012 7045 7083 7134 7138 7202 7527 7558 7643 9662 9758 9779 9786 9789 9801 9804 9820 9836 9864 9876 9931 9967 10029 10047 10051 10081 10096 10343 10412 10439 10468 10495 11648 11738 11740 11758 11769 11782 11783 11785 11789 11799 11800 11817 11841 11873 11892 11900 11927 12054 12405 12445 
	}
	weather={
	
	}
}
