
strategic_region={
	id=120
	name="STRATEGICREGION_120"
	provinces={
		1352 1441 1523 1534 1564 1586 1621 1678 1683 1719 1734 1747 1752 1753 1770 1831 1836 1866 1867 1870 1875 3613 3708 3719 3750 3855 4449 4540 4569 4586 4664 4691 4740 4749 4757 4759 4760 4772 4807 4811 4814 4830 4839 4871 4880 6722 6752 6767 6827 7306 7449 7458 7536 7539 7607 7745 7771 7834 7840 7852 7862 7877 7892 7896 9802 9880 9892 9910 10333 10340 10370 10391 10478 10516 10532 10569 10595 10606 10618 10666 10676 10685 10709 10717 10719 11667 11788 11971 12024 12346 12361 12418 12463 12513 12516 12550 12566 12577 12586 12588 12597 12620 12646 12667 12685 12693 
	}
	weather={
		
	}
}
