
strategic_region={
	id=209
	name="STRATEGICREGION_209"
	provinces={
		724 726 729 738 758 794 799 845 858 874 877 889 896 903 918 920 938 939 977 3725 3727 3729 3744 3761 3794 3798 3820 3845 3861 3874 3892 3918 3920 3938 3969 3986 4024 6734 6746 6749 6764 6818 6867 6907 6914 6921 6924 6936 6941 6955 6996 9686 9689 9699 9700 9703 9719 9767 9770 9787 9800 9817 9827 9846 9872 11673 11675 11677 11684 11688 11692 11707 11710 11805 11806 11809 11820 11825 11840 11843 11885 13218 13219 13221 13224 13227 13232 
	}
	weather={
		
	}
}
