
strategic_region={
	id=210
	name="STRATEGICREGION_210"
	provinces={
		747 809 832 844 875 879 924 931 950 970 980 985 1048 1090 1093 1176 1178 1192 3790 3810 3835 3846 3866 3871 3886 3926 3930 3940 3953 4065 4080 4095 4182 4195 6744 6800 6832 6866 6880 6884 6896 6902 6933 6948 6954 6986 7068 7098 7111 7153 7183 7196 7198 9765 9778 9815 9819 9828 9839 9869 9877 9881 9891 9903 9917 9925 9979 10009 10024 10063 10094 10109 10111 11749 11756 11768 11780 11798 11807 11812 11851 11863 11884 11956 12038 12070 12081 12083 13229 13230 13231 
	}
	weather={
		
	}
}
