
strategic_region={
	id=211
	name="STRATEGICREGION_211"
	provinces={
		492 638 860 866 968 1433 1453 1480 1503 1528 1556 1559 1572 1584 1587 1615 1643 1646 1843 1913 4444 4464 4507 4510 4522 4535 4565 4567 4594 4597 4622 4625 4650 4756 5059 5090 7118 7388 7422 7464 7480 7485 7524 7543 7552 7555 7583 7586 7599 7612 7640 7668 8110 9834 9949 9996 10192 10352 10355 10380 10394 10407 10410 10437 10449 10465 10477 10489 10492 10520 10753 11509 11717 11942 11975 12313 12325 12328 12353 12381 12384 12398 12401 12429 12439 12458 12470 12489 12498 12735 12752 12778 12803 
	}
	weather={
		
	}
}
