
strategic_region={
	id=35
	name="STRATEGICREGION_35"
	provinces={
		650 1449 1555 1568 1596 1613 1624 1626 1639 1641 1654 2106 2149 2152 2161 2169 2172 2173 2179 2194 2199 2208 2215 2224 4457 4573 4602 4643 5118 5121 5131 5143 5146 5159 5163 5169 5171 5173 5184 5191 5192 5201 5209 5213 5215 5219 5228 7500 7550 7621 8161 8169 8176 8187 8192 8194 8195 8198 8208 8215 8216 8217 8218 8222 8229 8231 8238 8251 8253 8255 8913 10347 10362 10375 10390 10402 10418 10502 10515 10935 10943 10944 10953 10961 10965 10975 10981 10985 10986 10992 11000 11001 11005 11007 11009 11021 11023 12306 12321 12336 12349 12351 12364 12379 12394 12409 12440 12453 12468 12481 12494 12496 12901 12914 12920 12922 12928 12943 12946 12952 12954 12964 12978 12982 12984 12994 12998 13000 
	}
	weather={
	}
}
